1 1 0.23039215686274514 0.006535947712418338 0.23039215686274508 0.006535947712418394 0.9088235294117647 1 0.9088235294117647
0 0.5169934640522877 0.8669117647058824 0.27614379084967333 0.8669117647058824 0.27614379084967333 0.9026960784313726 0.5169934640522877 0.9026960784313726
0 0.5205882352941178 0.8093137254901961 0.28267973856209166 0.8093137254901961 0.28267973856209166 0.8431372549019608 0.5205882352941178 0.8431372549019608
0 0.5336601307189544 0.7610294117647058 0.30261437908496747 0.7610294117647058 0.30261437908496747 0.7872549019607843 0.5336601307189544 0.7872549019607843
0 0.531372549019608 0.7151960784313726 0.30261437908496747 0.7151960784313726 0.30261437908496747 0.7377450980392157 0.531372549019608 0.7377450980392157
0 0.5333333333333334 0.6691176470588235 0.3091503267973857 0.6691176470588235 0.30915032679738574 0.6950980392156862 0.5333333333333334 0.6950980392156862
0 0.527450980392157 0.6276960784313725 0.3049019607843138 0.6276960784313725 0.3049019607843138 0.6485294117647059 0.527450980392157 0.6485294117647059
0 0.5209150326797387 0.582843137254902 0.29771241830065365 0.582843137254902 0.29771241830065365 0.6049019607843137 0.5209150326797387 0.6049019607843137
0 0.516013071895425 0.5404411764705882 0.2960784313725491 0.5404411764705882 0.2960784313725491 0.5634803921568627 0.516013071895425 0.5634803921568627
0 0.5330065359477125 0.4985294117647059 0.3153594771241831 0.4985294117647059 0.3153594771241831 0.5205882352941177 0.5330065359477125 0.5205882352941177
0 0.5379084967320263 0.4553921568627451 0.31895424836601316 0.4553921568627451 0.31895424836601316 0.4776960784313726 0.5379084967320263 0.4776960784313726
0 0.5235294117647059 0.4147058823529412 0.3049019607843138 0.4147058823529412 0.3049019607843138 0.4340686274509804 0.5235294117647059 0.4340686274509804
0 0.5241830065359477 0.37426470588235294 0.30620915032679746 0.37426470588235294 0.30620915032679746 0.39705882352941174 0.5241830065359477 0.39705882352941174
0 0.5107843137254902 0.3323529411764706 0.292483660130719 0.3323529411764706 0.292483660130719 0.3558823529411765 0.5107843137254902 0.3558823529411765
0 0.4970588235294118 0.29093137254901963 0.281045751633987 0.29093137254901963 0.281045751633987 0.3139705882352941 0.4970588235294118 0.3139705882352941
0 0.5163398692810458 0.24852941176470592 0.300326797385621 0.2485294117647059 0.300326797385621 0.27328431372549017 0.5163398692810458 0.27328431372549017