1 0.9807189542483662 0.4093137254901961 0.07516339869281054 0.40931372549019607 0.07516339869281057 0.9247549019607844 0.9807189542483663 0.9247549019607844
0 0.35751633986928105 0.2857843137254902 0.2372549019607844 0.2857843137254902 0.2372549019607844 0.29877450980392156 0.35751633986928105 0.29877450980392156
0 0.3366013071895425 0.0009803921568627705 0.21470588235294116 0.0009803921568627646 0.21470588235294116 0.01740196078431375 0.3366013071895425 0.017401960784313754
0 0.3277777777777778 0.02794117647058826 0.20555555555555555 0.027941176470588257 0.20555555555555555 0.044607843137254924 0.3277777777777778 0.04460784313725493
0 0.3349673202614379 0.05465686274509806 0.21209150326797385 0.05465686274509805 0.21209150326797385 0.06715686274509806 0.3349673202614379 0.06715686274509806
0 0.34477124183006536 0.0754901960784314 0.22483660130718955 0.0754901960784314 0.22483660130718955 0.09068627450980395 0.34477124183006536 0.09068627450980395
0 0.34411764705882353 0.09754901960784317 0.2222222222222222 0.09754901960784317 0.2222222222222222 0.11446078431372551 0.34411764705882353 0.11446078431372551
0 0.3558823529411765 0.12083333333333336 0.23202614379084968 0.12083333333333336 0.23202614379084968 0.13627450980392158 0.3558823529411765 0.1362745098039216
0 0.353921568627451 0.14558823529411768 0.2326797385620915 0.14558823529411766 0.2326797385620915 0.1612745098039216 0.353921568627451 0.16127450980392163
0 0.3477124183006536 0.16960784313725494 0.22418300653594772 0.1696078431372549 0.22418300653594772 0.18308823529411766 0.3477124183006536 0.1830882352941177
0 0.3483660130718954 0.19142156862745102 0.22679738562091503 0.191421568627451 0.22679738562091503 0.20906862745098043 0.3483660130718954 0.20906862745098045
0 0.3542483660130719 0.2166666666666667 0.23202614379084968 0.21666666666666667 0.2320261437908497 0.23014705882352943 0.3542483660130719 0.23014705882352945
0 0.3588235294117647 0.24068627450980395 0.2372549019607844 0.24068627450980393 0.2372549019607844 0.25392156862745097 0.3588235294117647 0.25392156862745097
0 0.35751633986928105 0.2610294117647059 0.23594771241830073 0.2610294117647059 0.23594771241830073 0.2769607843137255 0.35751633986928105 0.2769607843137255
0 0.3558823529411765 0.3058823529411765 0.22941176470588243 0.3058823529411765 0.22941176470588243 0.32745098039215687 0.3558823529411765 0.32745098039215687
0 0.353921568627451 0.33406862745098037 0.2287581699346406 0.33406862745098037 0.2287581699346406 0.3551470588235294 0.353921568627451 0.3551470588235294