1 0.9944444444444446 0.4044117647058824 0.01797385620915039 0.40441176470588236 0.017973856209150433 0.9186274509803921 0.9944444444444447 0.9186274509803921
0 0.7104575163398693 0.44436274509803925 0.5009803921568627 0.4443627450980392 0.5009803921568629 0.47696078431372557 0.7104575163398693 0.4769607843137256
0 0.5101307189542486 0.4708333333333333 0.29771241830065365 0.4708333333333333 0.29771241830065365 0.5024509803921569 0.5101307189542486 0.5024509803921569
0 0.5094771241830067 0.5117647058823529 0.29575163398692816 0.5117647058823529 0.29575163398692816 0.5411764705882353 0.5094771241830067 0.5411764705882353
0 0.5045751633986929 0.5524509803921569 0.2875816993464053 0.5524509803921569 0.2875816993464053 0.5843137254901961 0.5045751633986929 0.5843137254901961
0 0.5026143790849674 0.5919117647058824 0.28594771241830075 0.5919117647058824 0.28594771241830075 0.615686274509804 0.5026143790849674 0.615686274509804
0 0.5153594771241832 0.6294117647058823 0.2983660130718955 0.6294117647058823 0.2983660130718955 0.6536764705882353 0.5153594771241832 0.6536764705882353
0 0.5075163398692812 0.6703431372549019 0.29019607843137263 0.6703431372549019 0.2901960784313727 0.6955882352941176 0.5075163398692812 0.6955882352941176
0 0.5140522875816995 0.7090686274509804 0.2931372549019609 0.7090686274509804 0.2931372549019609 0.7328431372549019 0.5140522875816995 0.7328431372549019
0 0.48627450980392173 0.7477941176470588 0.26764705882352957 0.7477941176470588 0.26764705882352957 0.7757352941176471 0.48627450980392173 0.7757352941176471
0 0.4859477124183008 0.7887254901960784 0.26503267973856226 0.7887254901960784 0.26503267973856226 0.8134803921568627 0.4859477124183008 0.8134803921568627
0 0.5022875816993465 0.8301470588235295 0.27385620915032693 0.8301470588235295 0.27385620915032693 0.8612745098039216 0.5022875816993465 0.8612745098039216
0 0.5088235294117649 0.875 0.28202614379084984 0.875 0.28202614379084984 0.9009803921568628 0.5088235294117649 0.9009803921568628