1 0.9622222222222223 0.33625 0.0333333333333334 0.33625 0.03333333333333346 0.814375 0.9622222222222224 0.814375
1 0.92 0.11250000000000003 0.0466666666666667 0.1125 0.046666666666666703 0.20312500000000003 0.92 0.20312500000000008
0 0.4822222222222222 0.12687500000000004 0.28444444444444444 0.12687500000000004 0.28444444444444444 0.15687500000000004 0.4822222222222222 0.15687500000000004
0 0.4866666666666668 0.35375 0.29000000000000015 0.35375 0.29000000000000015 0.383125 0.4866666666666668 0.383125
0 0.4722222222222223 0.385 0.26888888888888896 0.385 0.26888888888888896 0.40875 0.4722222222222223 0.40875
0 0.48222222222222233 0.413125 0.28222222222222226 0.413125 0.2822222222222223 0.44 0.48222222222222233 0.44
0 0.4944444444444446 0.445 0.29444444444444456 0.445 0.29444444444444456 0.466875 0.4944444444444446 0.466875
0 0.49333333333333346 0.473125 0.29111111111111126 0.473125 0.29111111111111126 0.494375 0.49333333333333346 0.494375
0 0.5055555555555556 0.5 0.3055555555555557 0.5 0.3055555555555557 0.52125 0.5055555555555556 0.52125
0 0.5044444444444446 0.526875 0.3044444444444446 0.526875 0.3044444444444446 0.551875 0.5044444444444446 0.551875
0 0.49333333333333346 0.555625 0.2877777777777779 0.555625 0.2877777777777779 0.57875 0.49333333333333346 0.57875
0 0.49333333333333346 0.58375 0.2855555555555557 0.58375 0.2855555555555557 0.6075 0.49333333333333346 0.6075
0 0.5000000000000001 0.613125 0.29111111111111126 0.613125 0.29111111111111126 0.638125 0.5000000000000001 0.638125
0 0.5011111111111113 0.641875 0.29888888888888904 0.641875 0.29888888888888904 0.663125 0.5011111111111113 0.663125
0 0.5033333333333334 0.669375 0.2955555555555557 0.669375 0.2955555555555557 0.691875 0.5033333333333334 0.691875
0 0.5033333333333334 0.698125 0.29444444444444456 0.698125 0.29444444444444456 0.723125 0.5033333333333334 0.723125
0 0.4900000000000001 0.726875 0.28222222222222243 0.726875 0.28222222222222243 0.756875 0.4900000000000001 0.756875
0 0.49222222222222234 0.765625 0.27666666666666684 0.765625 0.27666666666666684 0.7975 0.49222222222222234 0.7975