1 1.0000000000000002 0.25490196078431376 4.162198271611919e-17 0.2549019607843137 9.633087730547971e-17 0.925 1.0000000000000002 0.925
0 0.4901960784313727 0.8392156862745098 0.24542483660130734 0.8392156862745098 0.24542483660130734 0.8816176470588235 0.4901960784313727 0.8816176470588235
0 0.5176470588235296 0.7705882352941177 0.2754901960784315 0.7705882352941177 0.2754901960784315 0.816421568627451 0.5176470588235296 0.816421568627451
0 0.5163398692810459 0.7083333333333334 0.27843137254901973 0.7083333333333334 0.27843137254901973 0.7480392156862745 0.5163398692810459 0.7480392156862745
0 0.48725490196078447 0.6497549019607843 0.26241830065359484 0.6497549019607843 0.2624183006535949 0.6830882352941177 0.48725490196078447 0.6830882352941177
0 0.5032679738562092 0.586764705882353 0.2794117647058824 0.586764705882353 0.2794117647058824 0.6325980392156862 0.5032679738562092 0.6325980392156862
0 0.5016339869281047 0.5313725490196078 0.2820261437908497 0.5313725490196078 0.2820261437908497 0.5705882352941176 0.5016339869281047 0.5705882352941176
0 0.5183006535947714 0.4776960784313726 0.3029411764705883 0.4776960784313726 0.3029411764705883 0.5125 0.5183006535947714 0.5125
0 0.5026143790849674 0.4232843137254902 0.2915032679738563 0.4232843137254902 0.2915032679738563 0.45906862745098037 0.5026143790849674 0.45906862745098037
0 0.4872549019607843 0.36151960784313725 0.26895424836601317 0.36151960784313725 0.26895424836601317 0.3987745098039216 0.4872549019607843 0.3987745098039216
0 0.4745098039215686 0.31348039215686274 0.25849673202614387 0.31348039215686274 0.25849673202614387 0.34509803921568627 0.4745098039215686 0.34509803921568627