1 1.0000000000000002 0.23125000000000004 0.008888888888888941 0.23125 0.008888888888888986 0.654375 1.0000000000000002 0.654375
0 0.36666666666666664 0.00500000000000002 0.21777777777777776 0.005000000000000016 0.21777777777777776 0.02750000000000002 0.36666666666666664 0.027500000000000028
0 0.3688888888888889 0.02812500000000002 0.22111111111111112 0.028125000000000018 0.22111111111111112 0.05187500000000002 0.3688888888888889 0.05187500000000002
0 0.37444444444444447 0.05312500000000002 0.22666666666666666 0.05312500000000002 0.22666666666666666 0.07250000000000002 0.37444444444444447 0.07250000000000002
0 0.3788888888888889 0.07187500000000002 0.23333333333333334 0.07187500000000002 0.23333333333333334 0.09437500000000001 0.3788888888888889 0.09437500000000004
0 0.38 0.09500000000000001 0.2311111111111111 0.095 0.2311111111111111 0.11375000000000002 0.38 0.11375000000000003
0 0.38 0.11562500000000002 0.23333333333333334 0.115625 0.23333333333333334 0.13562500000000002 0.38 0.13562500000000002
0 0.37 0.13812500000000003 0.22555555555555556 0.138125 0.2255555555555556 0.16 0.37 0.16
0 0.37 0.16125 0.2244444444444445 0.16125 0.2244444444444445 0.184375 0.37 0.184375
0 0.9922222222222222 0.009375000000000064 0.8544444444444445 0.00937500000000006 0.8544444444444445 0.03000000000000007 0.9922222222222222 0.030000000000000072
0 0.9877777777777778 0.03187500000000007 0.8555555555555555 0.03187500000000006 0.8555555555555555 0.048125000000000064 0.9877777777777778 0.04812500000000007
0 0.99 0.048750000000000064 0.8577777777777778 0.04875000000000005 0.8577777777777778 0.06875000000000006 0.99 0.06875000000000007
0 0.99 0.06937500000000006 0.8577777777777778 0.06937500000000005 0.8577777777777778 0.08750000000000008 0.99 0.08750000000000008
0 0.9877777777777778 0.08875000000000006 0.8588888888888889 0.08875000000000006 0.8588888888888889 0.10812500000000007 0.9877777777777778 0.10812500000000007
0 0.9711111111111111 0.10562500000000007 0.8333333333333334 0.10562500000000007 0.8333333333333334 0.12625000000000008 0.9711111111111111 0.12625000000000008
0 0.9711111111111111 0.12812500000000007 0.8344444444444444 0.12812500000000007 0.8344444444444444 0.14500000000000007 0.9711111111111111 0.14500000000000007
0 0.9777777777777777 0.14375000000000007 0.8444444444444444 0.14375000000000007 0.8444444444444444 0.16187500000000007 0.9777777777777777 0.16187500000000007
0 0.9788888888888889 0.16250000000000006 0.8411111111111111 0.16250000000000006 0.8411111111111111 0.18750000000000008 0.9788888888888889 0.18750000000000008