1 0.28545751633986927 0.23909313725490197 0.11601307189542483 0.014460784313725489
1 0.2821895424836601 0.33995098039215693 0.11405228758169934 0.016666666666666666
1 0.27826797385620916 0.2813725490196079 0.11405228758169934 0.015196078431372549
1 0.28480392156862744 0.25992647058823526 0.11470588235294117 0.014950980392156863
1 0.2820261437908497 0.3178921568627451 0.11176470588235295 0.013725490196078431
1 0.27794117647058825 0.30012254901960783 0.115359477124183 0.014950980392156863
1 0.7669934640522876 0.32365196078431374 0.11372549019607843 0.014460784313725489
1 0.7777777777777777 0.3424019607843137 0.11372549019607843 0.014215686274509804
2 0.507516339869281 0.6357843137254902 0.9823529411764705 0.4705882352941176
1 0.7606209150326798 0.3051470588235294 0.11209150326797386 0.014705882352941175
2 0.3414634146341463 0.28170731707317076 0.5073170731707317 0.175609756097561
0 0.9195121951219485 0.7762195121951219 0.16097560975609734 0.135365853658537
0 0.5983739837398349 0.7737804878048773 0.17886178861788596 0.13536585365853698
0 0.25365853658536336 0.7798780487804872 0.17886178861788596 0.13536585365853698
0 0.3113821138211357 0.6109756097560968 0.13821138211382117 0.09268292682926893
0 0.5617886178861763 0.6097560975609748 0.13821138211382117 0.09268292682926893
0 0.8121951219512169 0.6121951219512187 0.13821138211382117 0.09268292682926893
0 0.8138211382113795 0.5219512195121943 0.13821138211382117 0.09268292682926893
0 0.563414634146339 0.5219512195121943 0.13821138211382117 0.09268292682926893
