1 0.3983660130718954 0.8256127450980393 0.23986928104575164 0.03946078431372549
1 0.42173202614379085 0.6808823529411764 0.2310457516339869 0.02696078431372549
1 0.4245098039215687 0.5078431372549019 0.22287581699346407 0.01911764705882353
1 0.40816993464052287 0.25882352941176473 0.2169934640522876 0.02107843137254902
1 0.4099673202614379 0.5933823529411765 0.22712418300653595 0.02107843137254902
1 0.40196078431372556 0.3439950980392157 0.21764705882352942 0.020343137254901958
1 0.39624183006535946 0.8849264705882354 0.25 0.03504901960784314
1 0.4181372549019608 0.7258578431372549 0.23169934640522874 0.025735294117647058
1 0.4179738562091503 0.7737745098039216 0.23464052287581696 0.027450980392156862
1 0.4129084967320262 0.3849264705882353 0.21470588235294116 0.02230392156862745
1 0.4116013071895425 0.42279411764705876 0.21405228758169934 0.01764705882352941
1 0.40767973856209155 0.5511029411764705 0.2218954248366013 0.024264705882352945
1 0.4161764705882353 0.6381127450980393 0.22254901960784312 0.023284313725490197
1 0.42630718954248364 0.4660539215686274 0.2199346405228758 0.019362745098039216
1 0.3893790849673202 0.30122549019607847 0.2133986928104575 0.02303921568627451
2 0.5000000000000001 0.5809092539454802 1.0000000000000002 0.7191714490674321
