2 0.9944444444444446 0.3425 0.022222222222222292 0.3425 0.022222222222222348 0.81625 0.9944444444444447 0.81625
1 0.48888888888888904 0.35125 0.2711111111111112 0.35125 0.2711111111111112 0.385625 0.48888888888888904 0.385625
1 0.5044444444444446 0.38875 0.28444444444444456 0.38875 0.28444444444444456 0.42625 0.5044444444444446 0.42625
1 0.5188888888888891 0.43875 0.3055555555555557 0.43875 0.3055555555555557 0.471875 0.5188888888888891 0.471875
1 0.5311111111111112 0.481875 0.3166666666666668 0.481875 0.3166666666666668 0.511875 0.5311111111111112 0.511875
1 0.5133333333333334 0.521875 0.29444444444444456 0.521875 0.29444444444444456 0.551875 0.5133333333333334 0.551875
1 0.5155555555555557 0.56625 0.29333333333333345 0.56625 0.29333333333333345 0.596875 0.5155555555555557 0.596875
1 0.5022222222222223 0.605625 0.28000000000000014 0.605625 0.28000000000000014 0.640625 0.5022222222222223 0.640625
1 0.5277777777777779 0.650625 0.29444444444444456 0.650625 0.29444444444444456 0.69 0.5277777777777779 0.69
1 0.5277777777777779 0.6925 0.29444444444444456 0.6925 0.29444444444444456 0.73125 0.5277777777777779 0.73125
1 0.49777777777777793 0.74 0.26888888888888907 0.74 0.26888888888888907 0.77875 0.49777777777777793 0.77875
