2 0.729296875 0.4631944444444444 0.53671875 0.7875
1 0.681640625 0.2743055555555556 0.11328125 0.04861111111111112
1 0.66875 0.13402777777777777 0.1109375 0.04861111111111112
1 0.169921875 0.7333333333333334 0.11484375 0.05
1 0.677734375 0.6201388888888889 0.11796875 0.05138888888888889
1 0.18203125 0.6444444444444444 0.1140625 0.044444444444444446
1 0.68359375 0.48263888888888884 0.1140625 0.04861111111111112
1 0.685546875 0.3451388888888889 0.11328125 0.04583333333333333
1 0.673046875 0.5458333333333334 0.11484375 0.04166666666666666
1 0.6734375 0.6909722222222221 0.1171875 0.05138888888888889
1 0.661328125 0.7625 0.11796875 0.05277777777777778
1 0.689453125 0.20347222222222222 0.11171875 0.04583333333333333
1 0.688671875 0.41041666666666665 0.11171875 0.05138888888888889
