2 0.9856209150326798 0.18627450980392163 0.07843137254901965 0.18627450980392157 0.0784313725490197 0.8774509803921569 0.9856209150326798 0.8774509803921569
1 0.5294117647058825 0.7666666666666667 0.33758169934640536 0.7666666666666667 0.33758169934640536 0.8034313725490196 0.5294117647058825 0.8034313725490196
1 0.5222222222222224 0.6916666666666667 0.3343137254901962 0.6916666666666667 0.3343137254901962 0.7227941176470588 0.5222222222222224 0.7227941176470588
1 0.5300653594771243 0.6218137254901961 0.34281045751634004 0.6218137254901961 0.34281045751634004 0.6522058823529412 0.5300653594771243 0.6522058823529412
1 0.5258169934640524 0.5549019607843138 0.34281045751634004 0.5549019607843138 0.34281045751634004 0.5806372549019608 0.5258169934640524 0.5806372549019608
1 0.5222222222222224 0.4872549019607843 0.3437908496732028 0.4872549019607843 0.3437908496732028 0.5144607843137254 0.5222222222222224 0.5144607843137254
1 0.5241830065359477 0.4235294117647059 0.34705882352941175 0.4235294117647059 0.34705882352941175 0.44926470588235295 0.5241830065359477 0.44926470588235295
1 0.5362745098039216 0.35661764705882354 0.3588235294117647 0.35661764705882354 0.3588235294117647 0.38480392156862747 0.5362745098039216 0.38480392156862747
1 0.526797385620915 0.2928921568627451 0.35228758169934643 0.2928921568627451 0.35228758169934643 0.3235294117647059 0.526797385620915 0.3235294117647059
1 0.5411764705882353 0.2259803921568628 0.36405228758169933 0.2259803921568628 0.36405228758169933 0.25833333333333336 0.5411764705882353 0.25833333333333336
