2 0.9922222222222223 0.4375 9.52503066003497e-17 0.4375 1.3899741170322461e-16 0.839375 0.9922222222222224 0.839375
1 0.6866666666666666 0.4675 0.4666666666666668 0.4675 0.4666666666666668 0.49625 0.6866666666666666 0.49625
1 0.4766666666666668 0.488125 0.2600000000000001 0.488125 0.2600000000000001 0.516875 0.4766666666666668 0.516875
1 0.47333333333333344 0.52 0.2600000000000001 0.52 0.2600000000000001 0.545 0.47333333333333344 0.545
1 0.468888888888889 0.549375 0.24888888888888902 0.549375 0.24888888888888902 0.579375 0.468888888888889 0.579375
1 0.4666666666666668 0.579375 0.24888888888888902 0.579375 0.24888888888888902 0.60625 0.4666666666666668 0.60625
1 0.48222222222222233 0.608125 0.2577777777777779 0.608125 0.2577777777777779 0.6325 0.48222222222222233 0.6325
1 0.4755555555555557 0.6375 0.25333333333333347 0.6375 0.25333333333333347 0.663125 0.4755555555555557 0.663125
1 0.47888888888888903 0.6675 0.2544444444444446 0.6675 0.2544444444444446 0.691875 0.47888888888888903 0.691875
1 0.45111111111111124 0.6975 0.2266666666666668 0.6975 0.2266666666666668 0.72125 0.45111111111111124 0.72125
1 0.45222222222222236 0.726875 0.22666666666666685 0.726875 0.22666666666666685 0.751875 0.45222222222222236 0.751875
1 0.46444444444444455 0.7575 0.23333333333333353 0.7575 0.23333333333333353 0.785625 0.46444444444444455 0.785625
1 0.47333333333333344 0.791875 0.2433333333333335 0.791875 0.2433333333333335 0.819375 0.47333333333333344 0.819375
